1155 1677 1500
1155 3499 175
4242 3499 42
1000 9393 11.0
7525 4423 65,996778
9115 9845 78,400953
3727 2611 55,477230
6661 6202 28,309147
8934 9069 72,498356
4999 5981 42,655212
5640 9819 62,816062
7230 1472 30,771849
5987 1124 77,115994
7248 6606 67,147151
7034 1798 49,761809
1359 9064 75,045783
6496 9542 60,471920
8842 5398 41,315985
2374 3090 72,534355
1616 8028 87,341802
3945 8112 50,474755
9337 1713 74,905031
3228 1875 10,153252
4090 2166 33,124626
7668 5072 64,369606
9230 8873 35,327720
3013 9756 74,202949
5808 7704 85,463835
6854 7267 25,057963
4138 5330 94,229973
9179 4309 89,564052
9008 2253 94,625516
6543 7614 11,545533
3674 1655 6,511921
5473 5041 10,362210
6264 5590 92,476718
1145 8818 50,462180
8659 1666 78,947202
6279 1707 92,488268
7037 8506 69,241663
8181 3847 79,814666
9421 9669 72,730865
7471 9490 65,489156
2008 7151 88,837295
9170 1508 76,076313
6329 4075 9,928388
1228 6782 93,195560
7408 2925 41,906781
5836 2111 15,528746
1716 4446 80,559820
2792 5109 57,729266
5995 7316 25,483028
6941 8038 33,083549
9925 4130 4,879774
3649 2446 32,953363
8120 4204 41,095699
9401 7130 7,179177
4718 7260 89,352469
1939 3939 22,959014
3649 1007 18,396609
5463 2571 60,756824
3671 5997 30,267173
7676 7185 42,643183
8986 6101 65,242315
9601 3530 33,460766
9311 6682 69,590579
5156 6763 14,124834
3566 3427 74,615030
7095 1001 13,011079
7560 1988 52,757889
2883 3670 7,744466
1421 8374 44,420412
2794 7440 87,435500
1992 9587 25,012795
9784 3658 41,311414
5009 2421 53,525639
7445 1940 59,309563
2163 9224 82,441942
4069 3573 85,566917
9321 1928 85,776651
9642 3906 42,352245
6905 6984 5,434747
1462 8456 83,719758
9160 1241 94,251643
1361 6632 47,026261
3849 8737 17,062622
5849 7859 4,554483
8509 5775 6,690107
9462 4881 83,835483